data1 find path:
 Point          Cumulative Cost
(0, 0)          0
(4, 0)          4.0
(9, 6)          11.810249675906654

data2 find path:
 Point          Cumulative Cost
(0, 0)          0
(5, 0)          5.0
(8, 2)          8.60555127546399
(10, 5)          12.21110255092798
(25, 25)          37.211102550927976
(25, 33)          45.211102550927976
(25, 35)          47.211102550927976

data3 find path:
 Point          Cumulative Cost
(17, 2)          0
(17, 5)          3.0
(14, 7)          6.60555127546399
(10, 9)          11.07768723046357
(7, 14)          16.90863912530887
(5, 20)          23.23319444564563
(1, 27)          31.29545219394418
(1, 29)          33.29545219394418